0000000000000000000000000000000000000000000000000000000000000000000000000000000
0000000000000000000000000000000000000000000000000000000000000000000000000000000
0000000000000000000000000000000000000000000000000000000000000000000000000000000
0000000000000000000000000000000000000000000000000000000000000000000000000000000
0000000110000000000000000000000001100000000000000000000000000000000000000000000
0000000110000000000000000000000001100000000000000000000000000000000000000000000
0000000000000001110000000000000000000000000000000000000000000000000000000000000
0000000000000010001000000000000000000000000000000000000000000000000000000000000
0000000000000001100010000000000000000000000000000000000000000000000000000000000
0000000000000000011010000000000000000000000000000000000000000000000000000000000
0000000000000000000000000000000000000000000000000000000000000000000000000000000
0000000000000000000000000000000000000000000000000000000000000000000000000000000
0000000000000000001000010000000000000000000000000000000000000000000000000000000
0000000000000000001000010000000000000000000000000000000000000000000000000000000
0000000000000000001000010000000000000000000000000000000000000000000000000000000
0000000000000000000000000000000000000000000000000000000000000000000000000000000
0000000000000000000000000000000000000000000000000000000000000000000000000000000
0000000000000000000001011000000000000000000000000000000000000000000000000000000
0000000000000000000001000110000000000000000000000000000000000000000000000000000
0000000000000000000000010001000000000000000000000000000000000000000000000000000
0000000000000000000000001110000000000000000000000000000000000000000000000000000
0000000110000000000000000000000001100000000000000000000000000000000000000000000
0000000110000000000000000000000001100000000000000000000000000000000000000000000
0000000000000000000000000000000000000000000000000000000000000000000000000000000
0000000000000000000000000000000000000000000000000000000000000000000000000000000